import pandas as pd

ruta = 'C:\\Users\\T-City\\OneDrive\\Desktop\\ciencia_datos\\panda1\\ejercicios\\Mercado+de+Valores+España.csv'
fechas = pd.read_csv(ruta)
print(fechas)
"""
    Ticker       Fecha  Cierre  Referencia  Volumen     Rotacion  Ultimo   Alto   Bajo  Promedio 
0       ANA  02/01/2019   74.80       73.90   156300  11621188.98   74.80  75.16  72.38   74.3518
1       ANA  03/01/2019   76.34       74.80   140331  10632703.64   76.34  76.60  74.54   75.7687
2       ANA  04/01/2019   76.62       76.34   130309  10010838.76   76.62  77.40  76.40   76.8162
3       ANA  07/01/2019   77.14       76.62    63349   4855724.92   77.14  77.30  75.62   76.6504
4       ANA  08/01/2019   78.24       77.14    99300   7749464.70   78.24  78.46  77.00   78.0409
...     ...         ...     ...         ...      ...          ...     ...    ...    ...       ...
8570    VIS  09/12/2019   48.70       48.76    40236   1958325.66   48.70  48.96  48.44   48.6710
8571    VIS  10/12/2019   48.16       48.70    60198   2895965.78   48.16  48.74  47.70   48.1201
8572    VIS  11/12/2019   47.96       48.16    63000   3012462.12   47.96  48.42  47.52   47.8169
8573    VIS  12/12/2019   48.42       47.96    50218   2429199.80   48.42  48.66  47.76   48.3731
8574    VIS  13/12/2019   48.64       48.42    62427   3038685.10   48.64  49.18  48.12   48.6758 
"""
print('-'*30)

primera_fecha = fechas['Fecha'][0]
print(primera_fecha)
# 02/01/2019
print('-'*30)

print(type(fechas))
# <class 'pandas.core.frame.DataFrame'>
print('-'*30)

fechas.info()

print('-'*30)

fechas['Fecha'] = pd.to_datetime(fechas['Fecha'],format='%d/%m/%Y')
print(fechas)
"""
     Ticker      Fecha  Cierre  Referencia  Volumen     Rotacion  Ultimo   Alto   Bajo  Promedio
0       ANA 2019-01-02   74.80       73.90   156300  11621188.98   74.80  75.16  72.38   74.3518
1       ANA 2019-01-03   76.34       74.80   140331  10632703.64   76.34  76.60  74.54   75.7687
2       ANA 2019-01-04   76.62       76.34   130309  10010838.76   76.62  77.40  76.40   76.8162
3       ANA 2019-01-07   77.14       76.62    63349   4855724.92   77.14  77.30  75.62   76.6504
4       ANA 2019-01-08   78.24       77.14    99300   7749464.70   78.24  78.46  77.00   78.0409
...     ...        ...     ...         ...      ...          ...     ...    ...    ...       ...
8570    VIS 2019-12-09   48.70       48.76    40236   1958325.66   48.70  48.96  48.44   48.6710
8571    VIS 2019-12-10   48.16       48.70    60198   2895965.78   48.16  48.74  47.70   48.1201
8572    VIS 2019-12-11   47.96       48.16    63000   3012462.12   47.96  48.42  47.52   47.8169
8573    VIS 2019-12-12   48.42       47.96    50218   2429199.80   48.42  48.66  47.76   48.3731
8574    VIS 2019-12-13   48.64       48.42    62427   3038685.10   48.64  49.18  48.12   48.6758

[8575 rows x 10 columns] 
"""
print('-'*30)

